RUNNING THE L-BFGS-B CODE

it    = iteration number
nf    = number of function evaluations
nint  = number of segments explored during the Cauchy search
nact  = number of active bounds at the generalized Cauchy point
sub   = manner in which the subspace minimization terminated:
        con = converged, bnd = a bound was reached
itls  = number of iterations performed in the line search
stepl = step length used
tstep = norm of the displacement (total step)
projg = norm of the projected gradient
f     = function value

           * * *

Machine precision = 2.220E-16
 N =  2820070    M =  10

   it   nf  nint  nact  sub  itls  stepl    tstep     projg        f
    0    1     -     -   -     -     -        -     3.557E+00  5.491E+03
    1    2     1     0  ---    0  4.2E-03  1.0E+00  2.791E+00  5.354E+03
    2    3     0     0  con    0  1.0E+00  1.0E+00  1.629E+00  5.307E+03
    3    4     0     0  con    0  1.0E+00  1.0E+00  2.187E+00  5.264E+03
    4    5     0     0  con    0  1.0E+00  1.7E+00  1.542E+00  5.208E+03
    5    6     0     0  con    0  1.0E+00  2.1E+00  1.581E+00  5.159E+03
    6    7     0     0  con    0  1.0E+00  5.5E+00  2.447E+00  5.057E+03
    7    8     0     0  con    0  1.0E+00  2.3E+01  1.425E+00  4.678E+03
    8    9     0     0  con    0  1.0E+00  1.2E+02  5.087E+00  3.637E+03
    9   10     0     0  con    0  1.0E+00  1.6E+02  5.744E+00  3.070E+03
   10   11     0     0  con    0  1.0E+00  6.0E+00  4.219E+00  2.936E+03
   11   13     0     0  con    1  2.5E-01  1.5E+01  1.817E+00  2.931E+03
   12   34     1     0  ---    0  1.0E+00  7.8E+01  1.993E+00  2.603E+03
   13   35     0     0  con    0  1.0E+00  5.8E+01  2.520E+00  2.380E+03
   14   36     0     0  con    0  1.0E+00  3.7E+01  4.351E-01  2.230E+03
   15   37     0     0  con    0  1.0E+00  6.8E+00  2.699E+00  2.169E+03
   16   38     0     0  con    0  1.0E+00  1.4E+01  9.425E-01  2.044E+03
   17   39     0     0  con    0  1.0E+00  2.6E+01  2.038E+00  1.917E+03
   18   40     0     0  con    0  1.0E+00  5.7E+01  5.269E-01  1.774E+03
   19   41     0     0  con    0  1.0E+00  1.7E+01  1.079E-01  1.755E+03
   20   42     0     0  con    0  1.0E+00  2.6E+01  1.128E-01  1.725E+03
   21   43     0     0  con    0  1.0E+00  1.1E+02  1.014E-01  1.665E+03
   22   44     0     0  con    0  1.0E+00  2.8E+01  8.757E-02  1.579E+03
   23   45     0     0  con    0  1.0E+00  4.4E+01  1.191E-01  1.483E+03
   24   46     0     0  con    0  1.0E+00  1.9E+02  1.103E-01  1.389E+03
   25   47     0     0  con    0  1.0E+00  2.0E+02  5.419E-01  1.038E+03
   26   49     0     0  con    1  5.4E-01  2.3E+02  2.281E+00  8.857E+02
   27   51     0     0  con    1  4.3E-01  1.1E+02  4.337E-01  8.711E+02
   28   52     0     0  con    0  1.0E+00  2.7E+01  1.130E-01  8.603E+02
   29   53     0     0  con    0  1.0E+00  2.6E+01  2.021E-01  8.469E+02
   30   54     0     0  con    0  1.0E+00  9.5E+01  1.431E-01  8.204E+02
   31   56     0     0  con    1  3.5E-01  2.9E+01  3.650E-01  8.049E+02
   32   58     0     0  con    1  3.7E-01  3.7E+01  7.219E-01  7.901E+02
   33   61     0     0  con    2  1.4E-01  1.2E+01  5.277E-01  7.811E+02
   34   63     0     0  con    1  2.9E-01  1.7E+01  3.383E-01  7.746E+02
   35   74     0     0  con   10  2.8E-01  8.1E+00  2.879E-01  7.678E+02
   36   78     0     0  con    3  2.2E-03  3.9E-01  2.740E-01  7.676E+02
   37   79     0     0  con    0  1.0E+00  4.1E+01  1.169E-01  7.519E+02
   38   88     0     0  con    8  3.6E-02  1.4E+00  2.600E-01  7.512E+02
   39   91     0     0  con    2  1.4E-02  7.8E-01  6.070E-01  7.509E+02
   40   92     0     0  con    0  1.0E+00  8.7E+00  3.532E-01  7.483E+02
   41   95     0     0  con    2  2.7E+00  9.1E+00  9.826E-02  7.406E+02
   42   97     0     0  con    1  5.7E-02  1.2E+00  1.656E-01  7.392E+02
   43   98     0     0  con    0  1.0E+00  1.7E+01  3.027E-01  7.310E+02
   44   99     0     0  con    0  1.0E+00  1.9E+01  5.080E-01  6.994E+02
   45  100     0     0  con    0  1.0E+00  5.2E+01  3.015E-01  6.469E+02
   46  101     0     0  con    0  1.0E+00  3.2E+01  3.049E-01  6.287E+02
   47  102     0     0  con    0  1.0E+00  3.3E+01  1.073E-01  6.136E+02
   48  103     0     0  con    0  1.0E+00  2.3E+01  3.040E-01  6.076E+02
   49  106     0     0  con    2  2.1E-01  9.5E+00  3.191E-01  6.039E+02
   50  109     0     0  con    2  6.5E-02  1.1E+01  6.827E-01  6.012E+02
   51  110     0     0  con    0  1.0E+00  1.6E+01  3.015E-01  5.976E+02
   52  111     0     0  con    0  1.0E+00  5.2E+00  1.980E-01  5.917E+02
   53  112     0     0  con    0  1.0E+00  1.9E+01  9.124E-01  5.886E+02
   54  113     0     0  con    0  1.0E+00  1.8E+01  3.285E-01  5.725E+02
   55  114     0     0  con    0  1.0E+00  2.0E+01  3.663E-01  5.632E+02
   56  115     0     0  con    0  1.0E+00  4.1E+01  3.284E-01  5.550E+02
   57  117     0     0  con    1  3.8E-01  8.5E+00  5.763E-01  5.530E+02
   58  118     0     0  con    0  1.0E+00  2.3E+01  1.748E-01  5.476E+02
   59  119     0     0  con    0  1.0E+00  8.6E+00  1.029E-01  5.454E+02
   60  120     0     0  con    0  1.0E+00  2.0E+01  2.867E-01  5.416E+02
   61  122     0     0  con    1  4.7E-01  1.1E+01  3.309E-01  5.389E+02
   62  123     0     0  con    0  1.0E+00  1.4E+01  2.026E-01  5.363E+02
   63  124     0     0  con    0  1.0E+00  7.8E+00  1.982E-01  5.345E+02
   64  125     0     0  con    0  1.0E+00  6.2E+00  8.498E-02  5.325E+02
   65  126     0     0  con    0  1.0E+00  2.6E+01  2.399E-01  5.290E+02
   66  127     0     0  con    0  1.0E+00  2.2E+01  8.246E-02  5.263E+02
   67  128     0     0  con    0  1.0E+00  1.9E+01  7.425E-02  5.106E+02
   68  130     0     0  con    1  7.7E-02  1.8E+01  1.451E-01  5.047E+02
   69  131     0     0  con    0  1.0E+00  4.2E+01  3.017E-01  4.975E+02
   70  132     0     0  con    0  1.0E+00  8.8E+01  3.025E-01  4.595E+02
   71  133     0     0  con    0  1.0E+00  7.4E+01  2.149E-01  4.242E+02
   72  134     0     0  con    0  1.0E+00  6.6E+01  1.045E-01  4.025E+02
   73  135     0     0  con    0  1.0E+00  3.4E+01  1.107E-01  3.939E+02
   74  136     0     0  con    0  1.0E+00  4.2E+01  7.902E-02  3.820E+02
   75  137     0     0  con    0  1.0E+00  3.5E+01  8.730E-02  3.718E+02
   76  138     0     0  con    0  1.0E+00  5.2E+01  6.921E-02  3.575E+02
   77  139     0     0  con    0  1.0E+00  6.7E+01  2.651E+00  3.304E+02
   78  140     0     0  con    0  1.0E+00  9.2E+01  6.202E-01  3.056E+02
   79  141     0     0  con    0  1.0E+00  4.2E+01  7.452E-02  2.786E+02
   80  142     0     0  con    0  1.0E+00  3.5E+01  2.212E-01  2.629E+02
   81  145     0     0  con    2  1.7E-02  1.5E+01  1.783E-01  2.583E+02
   82  147     0     0  con    1  2.4E-01  9.8E+00  3.067E-01  2.559E+02
   83  148     0     0  con    0  1.0E+00  5.3E+01  2.711E-01  2.521E+02
   84  149     0     0  con    0  1.0E+00  2.8E+01  1.410E-01  2.503E+02
   85  150     0     0  con    0  1.0E+00  2.0E+01  7.771E-02  2.487E+02
   86  151     0     0  con    0  1.0E+00  1.2E+01  8.919E-02  2.476E+02
   87  152     0     0  con    0  1.0E+00  2.2E+01  8.852E-02  2.433E+02
   88  154     0     0  con    1  2.7E-02  3.2E+01  3.706E-01  2.403E+02
   89  155     0     0  con    0  1.0E+00  1.5E+01  1.793E-01  2.370E+02
   90  156     0     0  con    0  1.0E+00  5.2E+01  5.863E-02  2.311E+02
   91  157     0     0  con    0  1.0E+00  2.8E+01  6.591E-02  2.240E+02
   92  159     0     0  con    1  6.0E-02  1.2E+01  4.888E-02  2.200E+02
   93  160     0     0  con    0  1.0E+00  5.5E+01  7.596E-02  2.096E+02
   94  162     0     0  con    1  3.0E-01  5.3E+01  7.117E-02  1.944E+02
   95  164     0     0  con    1  3.2E-01  3.2E+01  6.515E-02  1.900E+02
   96  165     0     0  con    0  1.0E+00  5.4E+01  9.129E-02  1.852E+02
   97  167     0     0  con    1  4.4E-01  1.5E+01  2.319E-01  1.825E+02
   98  168     0     0  con    0  1.0E+00  2.3E+01  3.837E-02  1.753E+02
   99  169     0     0  con    0  1.0E+00  1.8E+01  4.242E-02  1.717E+02
  100  171     0     0  con    1  1.1E-01  8.1E+00  4.157E-02  1.701E+02
  101  173     0     0  con    1  4.0E-01  1.4E+01  5.831E-02  1.671E+02
  102  175     0     0  con    1  1.9E-01  1.3E+01  3.960E-01  1.650E+02
  103  177     0     0  con    1  3.0E-01  1.9E+01  5.248E-02  1.620E+02
  104  178     0     0  con    0  1.0E+00  1.5E+01  2.681E-01  1.577E+02
  105  179     0     0  con    0  1.0E+00  5.7E+01  2.695E-01  1.566E+02
  106  180     0     0  con    0  1.0E+00  1.2E+01  7.573E-02  1.525E+02
  107  181     0     0  con    0  1.0E+00  2.1E+01  7.988E-02  1.518E+02
  108  182     0     0  con    0  1.0E+00  1.2E+01  4.251E-02  1.504E+02
  109  183     0     0  con    0  1.0E+00  1.2E+01  2.099E-01  1.489E+02
  110  187     0     0  con    3  2.7E-03  1.9E+00  3.109E-01  1.488E+02
  111  188     0     0  con    0  1.0E+00  4.3E+00  4.547E-02  1.481E+02
  112  189     0     0  con    0  1.0E+00  2.6E+00  5.513E-02  1.471E+02
  113  190     0     0  con    0  1.0E+00  1.6E+01  4.877E-02  1.421E+02
  114  192     0     0  con    1  3.0E-01  1.6E+01  5.874E-02  1.398E+02
  115  194     0     0  con    1  5.0E-01  1.6E+01  4.587E-02  1.371E+02
  116  196     0     0  con    1  5.1E-01  2.0E+01  5.481E-02  1.346E+02
  117  197     0     0  con    0  1.0E+00  3.6E+01  6.913E-02  1.330E+02
  118  199     0     0  con    1  2.6E-01  8.2E+00  2.951E-01  1.329E+02
  119  200     0     0  con    0  1.0E+00  4.0E+00  2.584E-01  1.316E+02
  120  201     0     0  con    0  1.0E+00  2.7E+01  2.325E-01  1.310E+02

STOP: TOTAL NO. of f AND g EVALUATIONS EXCEEDS LIMIT        

 Total User time 2.221E+02 seconds.

  1.0E+00  4.2E-01  9.912E-03  1.324E+01
  123  125     0     0  con    0  1.0E+00  2.5E-01  8.137E-03  1.322E+01
  124  126     0     0  con    0  1.0E+00  3.0E-01  8.763E-03  1.321E+01
  125  127     0     0  con    0  1.0E+00  9.5E-01  2.151E-02  1.319E+01
  126  128     0     0  con    0  1.0E+00  1.0E+00  1.716E-02  1.316E+01
  127  129     0     0  con    0  1.0E+00  1.2E+00  1.201E-02  1.313E+01
  128  130     0     0  con    0  1.0E+00  1.0E+00  2.025E-02  1.312E+01
  129  131     0     0  con    0  1.0E+00  3.5E-01  1.154E-02  1.311E+01
  130  132     0     0  con    0  1.0E+00  4.9E-01  1.839E-02  1.309E+01
  131  133     0     0  con    0  1.0E+00  1.2E+00  1.792E-02  1.308E+01
  132  134     0     0  con    0  1.0E+00  1.4E+00  3.368E-02  1.307E+01
  133  135     0     0  con    0  1.0E+00  5.3E-01  1.598E-02  1.305E+01
  134  136     0     0  con    0  1.0E+00  5.4E-01  7.147E-03  1.304E+01
  135  137     0     0  con    0  1.0E+00  6.0E-01  1.176E-02  1.302E+01
  136  138     0     0  con    0  1.0E+00  9.6E-01  2.689E-02  1.301E+01
  137  139     0     0  con    0  1.0E+00  7.4E-01  1.563E-02  1.298E+01
  138  140     0     0  con    0  1.0E+00  1.3E+00  1.201E-02  1.294E+01
  139  141     0     0  con    0  1.0E+00  1.6E+00  6.049E-02  1.294E+01
  140  142     0     0  con    0  1.0E+00  2.8E-01  1.272E-02  1.291E+01
  141  143     0     0  con    0  1.0E+00  1.7E-01  4.945E-03  1.291E+01
  142  144     0     0  con    0  1.0E+00  2.8E-01  8.317E-03  1.290E+01
  143  145     0     0  con    0  1.0E+00  4.7E-01  1.482E-02  1.289E+01
  144  146     0     0  con    0  1.0E+00  1.2E+00  2.765E-02  1.287E+01
  145  147     0     0  con    0  1.0E+00  2.9E+00  4.407E-02  1.286E+01
  146  148     0     0  con    0  1.0E+00  2.8E-01  1.099E-02  1.282E+01
  147  149     0     0  con    0  1.0E+00  5.4E-01  7.076E-03  1.281E+01
  148  150     0     0  con    0  1.0E+00  6.9E-01  1.116E-02  1.280E+01
  149  151     0     0  con    0  1.0E+00  7.7E-01  2.424E-02  1.280E+01
  150  152     0     0  con    0  1.0E+00  4.5E-01  6.134E-03  1.278E+01
  151  153     0     0  con    0  1.0E+00  6.7E-01  1.688E-02  1.276E+01
  152  154     0     0  con    0  1.0E+00  8.2E-01  2.022E-02  1.274E+01
  153  155     0     0  con    0  1.0E+00  1.2E+00  4.357E-02  1.273E+01
  154  156     0     0  con    0  1.0E+00  5.3E-01  1.438E-02  1.272E+01
  155  157     0     0  con    0  1.0E+00  1.8E-01  5.943E-03  1.271E+01
  156  158     0     0  con    0  1.0E+00  1.2E-01  9.107E-03  1.270E+01
  157  159     0     0  con    0  1.0E+00  3.8E-01  1.593E-02  1.270E+01
  158  160     0     0  con    0  1.0E+00  1.2E+00  2.902E-02  1.268E+01
  159  161     0     0  con    0  1.0E+00  2.0E+00  1.796E-02  1.265E+01
  160  163     0     0  con    1  2.2E-01  5.5E-01  3.764E-02  1.265E+01
  161  164     0     0  con    0  1.0E+00  7.6E-01  1.264E-02  1.264E+01
  162  165     0     0  con    0  1.0E+00  1.8E-01  4.470E-03  1.263E+01
  163  166     0     0  con    0  1.0E+00  1.2E-01  1.116E-02  1.263E+01
  164  167     0     0  con    0  1.0E+00  2.6E-01  1.864E-02  1.262E+01
  165  168     0     0  con    0  1.0E+00  7.6E-01  3.139E-02  1.260E+01
  166  169     0     0  con    0  1.0E+00  1.7E+00  2.937E-02  1.258E+01
  167  170     0     0  con    0  1.0E+00  1.4E+00  2.364E-02  1.256E+01
  168  171     0     0  con    0  1.0E+00  1.6E-01  9.399E-03  1.255E+01
  169  172     0     0  con    0  1.0E+00  4.1E-01  9.271E-03  1.254E+01
  170  173     0     0  con    0  1.0E+00  3.5E-01  1.055E-02  1.254E+01
  171  174     0     0  con    0  1.0E+00  1.1E+00  1.398E-02  1.253E+01
  172  175     0     0  con    0  1.0E+00  2.4E+00  4.149E-02  1.252E+01
  173  176     0     0  con    0  1.0E+00  3.3E-01  1.565E-02  1.250E+01
  174  177     0     0  con    0  1.0E+00  3.9E-01  1.163E-02  1.249E+01
  175  178     0     0  con    0  1.0E+00  5.4E-01  1.086E-02  1.247E+01
  176  179     0     0  con    0  1.0E+00  5.5E-01  7.242E-03  1.247E+01
  177  180     0     0  con    0  1.0E+00  1.3E+00  1.706E-02  1.246E+01
  178  181     0     0  con    0  1.0E+00  1.1E+00  1.680E-02  1.244E+01
  179  182     0     0  con    0  1.0E+00  1.3E+00  2.442E-02  1.242E+01
  180  184     0     0  con    1  3.8E-01  5.4E-01  2.141E-02  1.241E+01
  181  185     0     0  con    0  1.0E+00  3.9E-01  7.101E-03  1.240E+01
  182  186     0     0  con    0  1.0E+00  1.6E-01  6.773E-03  1.240E+01
  183  187     0     0  con    0  1.0E+00  3.7E-01  1.180E-02  1.239E+01
  184  188     0     0  con    0  1.0E+00  8.1E-01  1.453E-02  1.238E+01
  185  189     0     0  con    0  1.0E+00  1.8E+00  2.431E-02  1.237E+01
  186  190     0     0  con    0  1.0E+00  5.9E-01  1.607E-02  1.236E+01
  187  191     0     0  con    0  1.0E+00  4.0E-01  8.197E-03  1.235E+01
  188  192     0     0  con    0  1.0E+00  3.7E-01  6.734E-03  1.234E+01
  189  193     0     0  con    0  1.0E+00  5.0E-01  1.008E-02  1.233E+01
  190  194     0     0  con    0  1.0E+00  8.0E-01  1.711E-02  1.233E+01
  191  195     0     0  con    0  1.0E+00  5.3E-01  1.534E-02  1.232E+01
  192  196     0     0  con    0  1.0E+00  1.1E+00  9.679E-03  1.230E+01
  193  197     0     0  con    0  1.0E+00  6.8E-01  2.570E-02  1.230E+01
  194  198     0     0  con    0  1.0E+00  1.9E-01  7.866E-03  1.229E+01
  195  199     0     0  con    0  1.0E+00  8.6E-02  6.944E-03  1.229E+01
  196  200     0     0  con    0  1.0E+00  2.9E-01  1.005E-02  1.228E+01
  197  201     0     0  con    0  1.0E+00  5.5E-01  1.386E-02  1.227E+01

STOP: TOTAL NO. of f AND g EVALUATIONS EXCEEDS LIMIT        

 Total User time 9.788E+01 seconds.

